t_0_0   300 200 1000
t_0_1   300 200 1000
t_0_2   300 200 1000
t_0_3   300 200 1000
t_0_4   300 200 1000
t_0_5   300 200 1000
t_0_6   300 200 1000
t_0_7   300 200 1000
t_0_8   300 200 1000
t_0_9   300 200 1000
t_0_10   300 200 1000
t_0_11   300 200 1000
t_0_12   300 200 1000
t_0_13   300 200 1000
t_0_14   300 200 1000
t_0_15   300 200 1000
t_0_16   300 200 1000
t_0_17   300 200 1000
t_0_18   300 200 1000
t_0_19   300 200 1000
t_0_20   300 200 1000
t_0_21   300 200 1000
t_0_22   300 200 1000
t_0_23   300 200 1000
t_0_24   300 200 1000
